NZ_CP037955.1	1791650	1791444	69	-2	100.000	3.53e-24	WP_010718490.1	1	69
NZ_CP055229.1	1648105	1647899	69	-2	100.000	3.53e-24	WP_010718490.1	1	69
NZ_CP068118.1	1168015	1167809	69	-1	100.000	3.53e-24	WP_010718490.1	1	69
NZ_CP055231.1	1862875	1862669	69	-2	100.000	3.53e-24	WP_010718490.1	1	69
NZ_LR134297.1	940236	940442	69	3	100.000	3.53e-24	WP_010718490.1	1	69
NZ_CP068122.1	2367338	2367544	69	2	100.000	3.53e-24	WP_010718490.1	1	69
NZ_CP072891.1	1842469	1842263	69	-2	100.000	3.53e-24	WP_010718490.1	1	69
LR994474.1	1898335	1898129	69	-2	100.000	3.53e-24	WP_010718490.1	1	69
CP003504.1	1790674	1790880	69	1	100.000	3.53e-24	WP_010718490.1	1	69
NZ_CP065992.1	409780	409574	69	-2	100.000	3.53e-24	WP_010718490.1	1	69
NZ_CP055230.1	427701	427907	69	3	100.000	3.53e-24	WP_010718490.1	1	69
NZ_CP023011.2	1553821	1554027	69	1	100.000	3.53e-24	WP_010718490.1	1	69
NZ_CP068483.1	1205572	1205366	69	-1	100.000	3.53e-24	WP_010718490.1	1	69
NZ_CP078742.1	1943812	1943606	69	-1	100.000	3.53e-24	WP_010718490.1	1	69
NZ_CP078554.1	1943812	1943606	69	-1	100.000	3.53e-24	WP_010718490.1	1	69
NZ_CP015516.1	1943812	1943606	69	-1	100.000	3.53e-24	WP_010718490.1	1	69
NZ_CP042289.1	1988802	1988596	69	-1	100.000	3.53e-24	WP_010718490.1	1	69
NZ_CP055232.1	374935	375141	69	1	100.000	3.53e-24	WP_010718490.1	1	69
NZ_CP079880.1	903936	904142	69	3	69.565	6.57e-16	WP_010718490.1	1	69
NZ_CP078094.1	873965	874171	69	2	69.565	6.57e-16	WP_010718490.1	1	69
NZ_CP043484.1	910996	911202	69	1	69.565	6.57e-16	WP_010718490.1	1	69
CP033376.1	7660	7866	69	1	69.565	6.57e-16	WP_010718490.1	1	69
NZ_CP042834.1	46507	46301	69	-2	69.565	6.57e-16	WP_010718490.1	1	69
NZ_CP040878.1	81777	81571	69	-1	69.565	6.57e-16	WP_010718490.1	1	69
NZ_CP042839.1	1684410	1684616	69	3	69.565	6.57e-16	WP_010718490.1	1	69
NZ_CP050255.1	944114	944320	69	2	69.565	6.57e-16	WP_010718490.1	1	69
NZ_CP053704.1	944114	944320	69	2	69.565	6.57e-16	WP_010718490.1	1	69
NZ_CP006030.1	927481	927687	69	1	69.565	6.57e-16	WP_010718490.1	1	69
NZ_CP035220.1	915170	915376	69	2	69.565	6.57e-16	WP_010718490.1	1	69
NZ_CP065211.1	964752	964958	69	3	69.565	6.57e-16	WP_010718490.1	1	69
NZ_CP045602.1	926153	926359	69	2	69.565	6.57e-16	WP_010718490.1	1	69
NZ_CP033041.1	926252	926458	69	2	69.565	6.57e-16	WP_010718490.1	1	69
NZ_LR607349.1	1384769	1384563	69	-1	69.565	6.57e-16	WP_010718490.1	1	69
NZ_LR607353.1	1388053	1387847	69	-1	69.565	6.57e-16	WP_010718490.1	1	69
NZ_LR607355.1	1387420	1387214	69	-2	69.565	6.57e-16	WP_010718490.1	1	69
NZ_LR607382.1	1395818	1395612	69	-2	69.565	6.57e-16	WP_010718490.1	1	69
NZ_CP050650.1	1247387	1247593	69	2	68.116	9.80e-16	WP_010718490.1	1	69
NZ_CP050648.1	1363325	1363531	69	2	68.116	9.80e-16	WP_010718490.1	1	69
NZ_CP065770.1	841639	841845	69	1	68.116	2.05e-15	WP_010718490.1	1	69
CP021849.1	954525	954319	69	-2	68.116	2.05e-15	WP_010718490.1	1	69
NZ_CP035136.1	938112	938318	69	3	68.116	2.78e-15	WP_010718490.1	1	69
NZ_CP032308.1	1012307	1012513	69	2	68.116	2.78e-15	WP_010718490.1	1	69
NZ_CP082963.1	895751	895957	69	2	68.116	2.78e-15	WP_010718490.1	1	69
NZ_CP084248.1	2226851	2226645	69	-2	68.116	2.78e-15	WP_010718490.1	1	69
NZ_CP030110.1	951275	951481	69	2	68.116	2.78e-15	WP_010718490.1	1	69
NZ_CP082267.1	956758	956964	69	1	68.116	2.78e-15	WP_010718490.1	1	69
NZ_CP025022.1	1844217	1844011	69	-3	68.116	2.78e-15	WP_010718490.1	1	69
CP064339.1	932889	933095	69	3	68.116	3.06e-15	WP_010718490.1	1	69
NZ_CP041257.1	1055958	1055752	69	-1	66.667	3.44e-15	WP_010718490.1	1	69
NZ_LR135428.1	1737204	1736998	69	-3	66.667	4.15e-15	WP_010718490.1	1	69
NZ_CP011828.1	1006508	1006714	69	2	66.667	4.85e-15	WP_010718490.1	1	69
NZ_CP025077.1	1692291	1692085	69	-1	66.667	4.85e-15	WP_010718490.1	1	69
NZ_LR135258.1	1815099	1814893	69	-1	66.667	4.85e-15	WP_010718490.1	1	69
NZ_CP012366.1	410455	410249	69	-3	68.116	7.23e-15	WP_010718490.1	1	69
NZ_CP077320.1	707149	706943	69	-2	68.116	7.23e-15	WP_010718490.1	1	69
NZ_CP065535.1	1981174	1980968	69	-1	68.116	7.23e-15	WP_010718490.1	1	69
CP028928.1	980391	980597	69	3	68.116	7.23e-15	WP_010718490.1	1	69
NZ_LR607335.1	2256364	2256158	69	-2	68.116	7.23e-15	WP_010718490.1	1	69
NZ_LR607372.1	1734543	1734749	69	3	68.116	7.23e-15	WP_010718490.1	1	69
NZ_LR135782.1	821212	821418	69	1	66.667	8.45e-15	WP_010718490.1	1	69
NZ_LR135170.1	827784	827990	69	3	66.667	8.45e-15	WP_010718490.1	1	69
NZ_CP074107.1	802060	802266	69	1	66.667	8.45e-15	WP_010718490.1	1	69
NZ_CP074109.1	802954	803160	69	1	66.667	8.45e-15	WP_010718490.1	1	69
NZ_CP074105.1	803817	804023	69	3	66.667	8.45e-15	WP_010718490.1	1	69
NZ_LR135474.1	846415	846621	69	1	66.667	8.45e-15	WP_010718490.1	1	69
NZ_LR135179.1	846270	846476	69	3	66.667	8.45e-15	WP_010718490.1	1	69
NZ_CP072881.1	879088	879294	69	1	66.667	8.45e-15	WP_010718490.1	1	69
NZ_LR134337.1	897868	898074	69	1	66.667	8.45e-15	WP_010718490.1	1	69
NZ_LR132067.1	857423	857629	69	2	66.667	8.45e-15	WP_010718490.1	1	69
NZ_CP047326.1	66568	66362	69	-3	66.667	8.45e-15	WP_010718490.1	1	69
NZ_CP040904.1	866555	866761	69	2	66.667	8.45e-15	WP_010718490.1	1	69
NZ_CP021885.1	2014303	2014509	69	1	66.667	8.45e-15	WP_010718490.1	1	69
NZ_CP065773.1	858502	858708	69	1	66.667	8.45e-15	WP_010718490.1	1	69
CP081504.1	954388	954594	69	1	66.667	8.45e-15	WP_010718490.1	1	69
NZ_LR134095.1	884857	885063	69	1	66.667	8.45e-15	WP_010718490.1	1	69
NZ_LR135169.1	864928	865134	69	1	66.667	8.45e-15	WP_010718490.1	1	69
NZ_CP065210.1	860332	860538	69	1	66.667	8.45e-15	WP_010718490.1	1	69
NZ_CP083179.1	886691	886897	69	2	66.667	8.45e-15	WP_010718490.1	1	69
NZ_AP019394.1	867846	868052	69	3	66.667	8.45e-15	WP_010718490.1	1	69
NZ_LR215968.1	893585	893791	69	2	66.667	8.45e-15	WP_010718490.1	1	69
NZ_CP027402.1	1118182	1117976	69	-2	66.667	8.45e-15	WP_010718490.1	1	69
NZ_CP065752.1	861223	861429	69	1	66.667	8.45e-15	WP_010718490.1	1	69
LR135185.1	931344	931550	69	3	66.667	8.45e-15	WP_010718490.1	1	69
NZ_CP091100.1	956992	956786	69	-3	66.667	8.45e-15	WP_010718490.1	1	69
NZ_CP068244.1	847365	847571	69	3	66.667	8.45e-15	WP_010718490.1	1	69
NZ_CP012522.1	2320909	2321115	69	1	66.667	8.45e-15	WP_010718490.1	1	69
NZ_CP028727.1	1325147	1325353	69	2	66.667	8.45e-15	WP_010718490.1	1	69
NZ_CP034949.1	850019	849813	69	-3	66.667	8.45e-15	WP_010718490.1	1	69
NZ_CP072894.1	1716046	1715840	69	-2	66.667	8.45e-15	WP_010718490.1	1	69
NZ_CP072884.1	887401	887607	69	1	66.667	8.45e-15	WP_010718490.1	1	69
NZ_CP072878.1	885889	886095	69	1	66.667	8.45e-15	WP_010718490.1	1	69
NZ_CP084886.1	921742	921948	69	1	66.667	8.45e-15	WP_010718490.1	1	69
NZ_CP064406.1	854294	854500	69	2	66.667	8.45e-15	WP_010718490.1	1	69
NZ_LN999844.1	893367	893573	69	3	66.667	8.45e-15	WP_010718490.1	1	69
NZ_CP045012.1	1763482	1763276	69	-1	66.667	8.45e-15	WP_010718490.1	1	69
NC_020207.1	888971	889177	69	2	66.667	8.45e-15	WP_010718490.1	1	69
NZ_LR135435.1	960832	961038	69	1	66.667	8.45e-15	WP_010718490.1	1	69
NZ_LR135482.1	1797273	1797067	69	-1	66.667	8.45e-15	WP_010718490.1	1	69
NZ_LR135357.1	838392	838598	69	3	66.667	8.45e-15	WP_010718490.1	1	69
NZ_CP040907.1	1372476	1372270	69	-2	66.667	8.45e-15	WP_010718490.1	1	69
NZ_CP065754.1	1758296	1758090	69	-3	66.667	8.45e-15	WP_010718490.1	1	69
NZ_CP066215.1	1804477	1804271	69	-1	66.667	8.45e-15	WP_010718490.1	1	69
NZ_CP040849.1	1068131	1067925	69	-3	66.667	8.45e-15	WP_010718490.1	1	69
NZ_CP040875.1	2300736	2300530	69	-2	66.667	8.45e-15	WP_010718490.1	1	69
NZ_CP079927.1	1817429	1817223	69	-3	66.667	8.45e-15	WP_010718490.1	1	69
CP066205.1	1297797	1298003	69	3	66.667	8.45e-15	WP_010718490.1	1	69
NZ_LR135219.1	1744529	1744323	69	-3	66.667	8.45e-15	WP_010718490.1	1	69
NZ_LR135181.1	1760884	1760678	69	-2	66.667	8.45e-15	WP_010718490.1	1	69
NZ_LR135254.1	1063799	1064005	69	2	66.667	8.45e-15	WP_010718490.1	1	69
NZ_LR135372.1	1794821	1794615	69	-3	66.667	8.45e-15	WP_010718490.1	1	69
NZ_CP013009.1	1810905	1810699	69	-3	66.667	8.45e-15	WP_010718490.1	1	69
NZ_LR134105.1	1749317	1749111	69	-1	66.667	8.45e-15	WP_010718490.1	1	69
NZ_LR135475.1	1564954	1565160	69	1	66.667	8.45e-15	WP_010718490.1	1	69
NC_017960.1	1845161	1844955	69	-2	66.667	8.45e-15	WP_010718490.1	1	69
NZ_LR135293.1	1802855	1802649	69	-3	66.667	8.45e-15	WP_010718490.1	1	69
NZ_CP040706.1	763772	763566	69	-2	66.667	8.45e-15	WP_010718490.1	1	69
NZ_CP059764.1	1860880	1860674	69	-2	66.667	8.45e-15	WP_010718490.1	1	69
NZ_LR135197.1	938618	938824	69	2	66.667	8.45e-15	WP_010718490.1	1	69
NZ_CP071958.1	1866987	1866781	69	-2	66.667	8.45e-15	WP_010718490.1	1	69
NZ_CP091577.1	328288	328494	69	1	66.667	8.45e-15	WP_010718490.1	1	69
NZ_LR135235.1	1740927	1740721	69	-3	66.667	8.45e-15	WP_010718490.1	1	69
NZ_CP083920.1	941190	941396	69	3	66.667	8.45e-15	WP_010718490.1	1	69
NZ_CP040740.1	1751372	1751166	69	-1	66.667	8.45e-15	WP_010718490.1	1	69
NZ_CP065777.1	1848534	1848328	69	-3	66.667	8.45e-15	WP_010718490.1	1	69
NZ_CP036151.1	1860241	1860035	69	-2	66.667	8.45e-15	WP_010718490.1	1	69
CP065764.1	1495411	1495205	69	-2	66.667	8.45e-15	WP_010718490.1	1	69
NZ_CP065767.1	923557	923763	69	1	66.667	8.45e-15	WP_010718490.1	1	69
NZ_CP083912.1	922016	922222	69	2	66.667	8.45e-15	WP_010718490.1	1	69
NZ_LR135243.1	1787974	1787768	69	-2	66.667	8.45e-15	WP_010718490.1	1	69
NZ_CP084178.1	1765188	1764982	69	-1	66.667	8.45e-15	WP_010718490.1	1	69
CP089092.2	199577	199371	69	-1	66.667	8.45e-15	WP_010718490.1	1	69
NZ_LR135174.1	1866838	1866632	69	-3	66.667	8.45e-15	WP_010718490.1	1	69
NZ_CP059739.1	1774788	1774582	69	-3	66.667	8.45e-15	WP_010718490.1	1	69
NZ_CP027506.1	1819027	1818821	69	-2	66.667	8.45e-15	WP_010718490.1	1	69
NZ_CP038995.1	1780214	1780008	69	-2	66.667	8.45e-15	WP_010718490.1	1	69
NZ_CP039729.1	1781685	1781479	69	-1	66.667	8.45e-15	WP_010718490.1	1	69
NZ_CP023423.1	1811873	1811667	69	-2	66.667	8.45e-15	WP_010718490.1	1	69
NZ_CP018128.1	1789311	1789105	69	-1	66.667	8.45e-15	WP_010718490.1	1	69
NZ_LR135191.1	963433	963639	69	1	66.667	8.45e-15	WP_010718490.1	1	69
NZ_LR536658.1	1816660	1816454	69	-1	66.667	8.45e-15	WP_010718490.1	1	69
NZ_LR135317.1	1775121	1774915	69	-2	66.667	8.45e-15	WP_010718490.1	1	69
NZ_CP066381.1	1838582	1838376	69	-2	66.667	8.45e-15	WP_010718490.1	1	69
NZ_CP043865.1	67555	67349	69	-1	66.667	8.45e-15	WP_010718490.1	1	69
NZ_CP014529.1	1226323	1226529	69	1	66.667	8.45e-15	WP_010718490.1	1	69
NZ_LN999987.1	1176556	1176762	69	1	66.667	8.45e-15	WP_010718490.1	1	69
CP066212.1	1928246	1928040	69	-1	66.667	8.45e-15	WP_010718490.1	1	69
NZ_CP025425.1	1839544	1839338	69	-2	66.667	8.45e-15	WP_010718490.1	1	69
NZ_CP059755.1	1834876	1834670	69	-3	66.667	8.45e-15	WP_010718490.1	1	69
NZ_CP072567.1	1855280	1855074	69	-3	66.667	8.45e-15	WP_010718490.1	1	69
NZ_CP059772.1	1855280	1855074	69	-3	66.667	8.45e-15	WP_010718490.1	1	69
NZ_CP011281.1	1796259	1796053	69	-2	66.667	8.45e-15	WP_010718490.1	1	69
NZ_LR135324.1	1814631	1814425	69	-2	66.667	8.45e-15	WP_010718490.1	1	69
NZ_CP072707.1	311836	311630	69	-1	66.667	8.45e-15	WP_010718490.1	1	69
NZ_CP059793.1	311836	311630	69	-1	66.667	8.45e-15	WP_010718490.1	1	69
NZ_CP062265.1	311836	311630	69	-1	66.667	8.45e-15	WP_010718490.1	1	69
NZ_CP072586.1	1849472	1849266	69	-1	66.667	8.45e-15	WP_010718490.1	1	69
NZ_CP038996.1	1749711	1749505	69	-2	66.667	8.45e-15	WP_010718490.1	1	69
CP038996.1	1749711	1749505	69	-2	66.667	8.45e-15	WP_010718490.1	1	69
NZ_CP064343.1	1870968	1870762	69	-3	66.667	8.45e-15	WP_010718490.1	1	69
NZ_CP059823.1	1879508	1879302	69	-2	66.667	8.45e-15	WP_010718490.1	1	69
NZ_CP066653.1	1921048	1920842	69	-3	66.667	8.45e-15	WP_010718490.1	1	69
NZ_CP018830.1	1810489	1810283	69	-1	66.667	8.45e-15	WP_010718490.1	1	69
NZ_AP022341.1	1805986	1805780	69	-2	66.667	8.45e-15	WP_010718490.1	1	69
NZ_CP066667.1	1922833	1922627	69	-1	66.667	8.45e-15	WP_010718490.1	1	69
NZ_LR135203.1	1888197	1887991	69	-2	66.667	8.45e-15	WP_010718490.1	1	69
NZ_CP019970.1	1019678	1019472	69	-3	66.667	8.45e-15	WP_010718490.1	1	69
NZ_CP040368.1	1895952	1895746	69	-1	66.667	8.45e-15	WP_010718490.1	1	69
NZ_LR135226.1	1888152	1887946	69	-2	66.667	8.45e-15	WP_010718490.1	1	69
NZ_CP018828.1	1814316	1814110	69	-3	66.667	8.45e-15	WP_010718490.1	1	69
NZ_CP059747.1	1814558	1814352	69	-2	66.667	8.45e-15	WP_010718490.1	1	69
NZ_CP066598.1	1925974	1925768	69	-3	66.667	8.45e-15	WP_010718490.1	1	69
NZ_CP085894.1	1805215	1805009	69	-1	66.667	8.45e-15	WP_010718490.1	1	69
NZ_CP085906.1	1807927	1807721	69	-1	66.667	8.45e-15	WP_010718490.1	1	69
NZ_CP025754.1	2091181	2091387	69	1	66.667	8.45e-15	WP_010718490.1	1	69
NZ_CP012454.1	1261020	1261226	69	3	66.667	8.45e-15	WP_010718490.1	1	69
NZ_CP091301.1	938209	938003	69	-1	66.667	8.45e-15	WP_010718490.1	1	69
NZ_CP016163.1	1350702	1350908	69	3	66.667	8.45e-15	WP_010718490.1	1	69
NZ_CP035648.1	1833025	1832819	69	-3	66.667	8.45e-15	WP_010718490.1	1	69
NZ_CP064417.1	13744	13538	69	-2	66.667	8.45e-15	WP_010718490.1	1	69
NZ_CP059816.1	1824984	1824778	69	-2	66.667	8.45e-15	WP_010718490.1	1	69
NZ_CP035654.1	1836041	1835835	69	-3	66.667	8.45e-15	WP_010718490.1	1	69
NZ_OU015345.1	737007	737213	69	3	66.667	8.45e-15	WP_010718490.1	1	69
NZ_CP066614.1	844934	845140	69	2	66.667	8.45e-15	WP_010718490.1	1	69
NZ_CP066606.1	844934	845140	69	2	66.667	8.45e-15	WP_010718490.1	1	69
NZ_LR135287.1	1930972	1930766	69	-2	66.667	8.45e-15	WP_010718490.1	1	69
NZ_CP089319.1	1803510	1803304	69	-2	66.667	8.45e-15	WP_010718490.1	1	69
NZ_LR135364.1	1823729	1823523	69	-1	66.667	8.45e-15	WP_010718490.1	1	69
NZ_CP072579.1	1880392	1880186	69	-1	66.667	8.45e-15	WP_010718490.1	1	69
NZ_CP066730.1	1950931	1950725	69	-2	66.667	8.45e-15	WP_010718490.1	1	69
NZ_CP066629.1	1900729	1900523	69	-2	66.667	8.45e-15	WP_010718490.1	1	69
NZ_CP066473.1	864125	864331	69	2	66.667	8.45e-15	WP_010718490.1	1	69
NZ_CP065523.1	893111	893317	69	2	66.667	8.45e-15	WP_010718490.1	1	69
CP076483.1	1833208	1833002	69	-2	66.667	8.45e-15	WP_010718490.1	1	69
CP076477.1	1833208	1833002	69	-1	66.667	8.45e-15	WP_010718490.1	1	69
CP076471.1	1833209	1833003	69	-2	66.667	8.45e-15	WP_010718490.1	1	69
NZ_CP064443.1	1820531	1820325	69	-2	66.667	8.45e-15	WP_010718490.1	1	69
NZ_CP012460.1	485067	485273	69	3	66.667	8.45e-15	WP_010718490.1	1	69
NZ_CP041261.2	1888403	1888197	69	-3	66.667	8.45e-15	WP_010718490.1	1	69
CP041261.3	1888403	1888197	69	-3	66.667	8.45e-15	WP_010718490.1	1	69
NZ_CP041270.2	1888592	1888386	69	-3	66.667	8.45e-15	WP_010718490.1	1	69
NZ_CP012440.1	625122	624916	69	-2	66.667	8.45e-15	WP_010718490.1	1	69
CP040236.1	2020480	2020274	69	-3	66.667	8.45e-15	WP_010718490.1	1	69
NZ_CP027512.1	1842288	1842082	69	-3	66.667	8.45e-15	WP_010718490.1	1	69
NZ_CP044316.1	1984057	1983851	69	-1	66.667	8.45e-15	WP_010718490.1	1	69
NZ_CP066389.1	1853684	1853478	69	-2	66.667	8.45e-15	WP_010718490.1	1	69
NZ_CP066673.1	1833776	1833570	69	-1	66.667	8.45e-15	WP_010718490.1	1	69
CP014449.1	1865421	1865215	69	-1	66.667	8.45e-15	WP_010718490.1	1	69
CP092569.1	1941558	1941352	69	-3	66.667	8.45e-15	WP_010718490.1	1	69
NZ_CP027517.1	1944197	1943991	69	-3	66.667	8.45e-15	WP_010718490.1	1	69
NZ_CP023780.1	1863785	1863579	69	-2	66.667	8.45e-15	WP_010718490.1	1	69
NZ_LR135351.1	1007562	1007768	69	3	66.667	8.45e-15	WP_010718490.1	1	69
NZ_CP023799.1	1866737	1866531	69	-2	66.667	8.45e-15	WP_010718490.1	1	69
NZ_CP023789.1	1866785	1866579	69	-3	66.667	8.45e-15	WP_010718490.1	1	69
NZ_CP017797.1	1859965	1859759	69	-3	66.667	8.45e-15	WP_010718490.1	1	69
NZ_CP017792.1	1859965	1859759	69	-3	66.667	8.45e-15	WP_010718490.1	1	69
NZ_CP017787.1	1859965	1859759	69	-1	66.667	8.45e-15	WP_010718490.1	1	69
NZ_CP023794.1	1868134	1867928	69	-2	66.667	8.45e-15	WP_010718490.1	1	69
NZ_CP023784.1	1869750	1869544	69	-1	66.667	8.45e-15	WP_010718490.1	1	69
NZ_CP012471.1	401394	401600	69	3	66.667	8.45e-15	WP_010718490.1	1	69
NZ_CP072720.1	1929177	1928971	69	-1	66.667	8.45e-15	WP_010718490.1	1	69
NZ_CP072731.1	1929177	1928971	69	-1	66.667	8.45e-15	WP_010718490.1	1	69
NZ_CP061817.1	1929177	1928971	69	-1	66.667	8.45e-15	WP_010718490.1	1	69
NZ_CP071931.1	1899410	1899204	69	-3	66.667	8.45e-15	WP_010718490.1	1	69
NZ_CP023804.1	1868135	1867929	69	-2	66.667	8.45e-15	WP_010718490.1	1	69
NZ_CP023808.1	1866800	1866594	69	-1	66.667	8.45e-15	WP_010718490.1	1	69
NZ_CP065527.1	911644	911850	69	1	66.667	8.45e-15	WP_010718490.1	1	69
NZ_CP066451.1	1870372	1870166	69	-2	66.667	8.45e-15	WP_010718490.1	1	69
NZ_CP066622.1	1872964	1872758	69	-1	66.667	8.45e-15	WP_010718490.1	1	69
NZ_CP065547.1	1872282	1872076	69	-2	66.667	8.45e-15	WP_010718490.1	1	69
NZ_CP066645.1	1873722	1873516	69	-1	66.667	8.45e-15	WP_010718490.1	1	69
NZ_CP066434.1	1854884	1854678	69	-2	66.667	8.45e-15	WP_010718490.1	1	69
NZ_CP033206.1	1914679	1914473	69	-1	66.667	8.45e-15	WP_010718490.1	1	69
NZ_OU015946.1	1951670	1951464	69	-2	66.667	8.45e-15	WP_010718490.1	1	69
NZ_CP066591.1	1879118	1878912	69	-2	66.667	8.45e-15	WP_010718490.1	1	69
NZ_CP066421.1	1085309	1085515	69	2	66.667	8.45e-15	WP_010718490.1	1	69
CP064279.1	1388938	1388732	69	-1	66.667	8.45e-15	WP_010718490.1	1	69
NZ_CP064049.1	1891932	1891726	69	-1	66.667	8.45e-15	WP_010718490.1	1	69
NZ_CP066583.1	1885765	1885559	69	-2	66.667	8.45e-15	WP_010718490.1	1	69
NZ_CP020484.1	1928358	1928152	69	-1	66.667	8.45e-15	WP_010718490.1	1	69
NZ_LR135331.1	2604683	2604477	69	-1	66.667	8.45e-15	WP_010718490.1	1	69
NZ_CP066480.1	932152	932358	69	1	66.667	8.45e-15	WP_010718490.1	1	69
NZ_CP020488.1	1929883	1929677	69	-2	66.667	8.45e-15	WP_010718490.1	1	69
NZ_CP027497.1	1892191	1891985	69	-1	66.667	8.45e-15	WP_010718490.1	1	69
NZ_CP044264.1	74992	74786	69	-1	66.667	8.45e-15	WP_010718490.1	1	69
NZ_OU015708.1	1871988	1871782	69	-1	66.667	8.45e-15	WP_010718490.1	1	69
NZ_CP066427.1	1884566	1884360	69	-2	66.667	8.45e-15	WP_010718490.1	1	69
NZ_LT598663.1	1881088	1880882	69	-2	66.667	8.45e-15	WP_010718490.1	1	69
NZ_CP066659.1	1924979	1924773	69	-3	66.667	8.45e-15	WP_010718490.1	1	69
NZ_LR135339.1	1922123	1921917	69	-3	66.667	8.45e-15	WP_010718490.1	1	69
NZ_CP089092.1	2546822	2547028	69	2	66.667	8.45e-15	WP_010718490.1	1	69
NZ_CP066457.1	1929181	1928975	69	-2	66.667	8.45e-15	WP_010718490.1	1	69
NZ_OU016027.1	1964296	1964090	69	-3	66.667	8.45e-15	WP_010718490.1	1	69
NZ_LR135394.1	1934392	1934186	69	-2	66.667	8.45e-15	WP_010718490.1	1	69
NZ_CP083473.1	1320675	1320881	69	3	66.667	8.45e-15	WP_010718490.1	1	69
NZ_CP044274.1	1901561	1901355	69	-3	66.667	8.45e-15	WP_010718490.1	1	69
NZ_OU016036.1	1966546	1966340	69	-1	66.667	8.45e-15	WP_010718490.1	1	69
NZ_CP066466.1	1873789	1873583	69	-3	66.667	8.45e-15	WP_010718490.1	1	69
NZ_CP025392.1	1170521	1170315	69	-2	66.667	8.45e-15	WP_010718490.1	1	69
NZ_CP060857.1	2827772	2827978	69	2	66.667	8.45e-15	WP_010718490.1	1	69
NZ_CP060861.1	1987297	1987091	69	-3	66.667	8.45e-15	WP_010718490.1	1	69
NZ_CP019988.1	1700694	1700488	69	-3	66.667	8.45e-15	WP_010718490.1	1	69
NZ_CP066443.1	1913457	1913251	69	-1	66.667	8.45e-15	WP_010718490.1	1	69
NZ_CP066415.1	1905318	1905112	69	-3	66.667	8.45e-15	WP_010718490.1	1	69
NZ_CP027501.1	1970928	1970722	69	-2	66.667	8.45e-15	WP_010718490.1	1	69
NZ_CP035666.1	1919980	1919774	69	-1	66.667	8.45e-15	WP_010718490.1	1	69
NZ_CP035660.1	1920007	1919801	69	-3	66.667	8.45e-15	WP_010718490.1	1	69
NZ_CP066409.1	1908159	1907953	69	-2	66.667	8.45e-15	WP_010718490.1	1	69
NZ_LR135278.1	1172600	1172394	69	-2	66.667	8.45e-15	WP_010718490.1	1	69
NZ_CP046166.1	1839970	1839764	69	-2	66.667	8.45e-15	WP_010718490.1	1	69
NZ_CP066396.1	1913947	1913741	69	-3	66.667	8.45e-15	WP_010718490.1	1	69
NZ_LR135408.1	1931570	1931364	69	-3	66.667	8.45e-15	WP_010718490.1	1	69
NZ_LR135401.1	1934011	1933805	69	-2	66.667	8.45e-15	WP_010718490.1	1	69
NZ_LR135414.1	1934011	1933805	69	-1	66.667	8.45e-15	WP_010718490.1	1	69
NZ_LR135384.1	1928226	1928020	69	-2	66.667	8.45e-15	WP_010718490.1	1	69
NZ_LR135297.1	1922651	1922445	69	-2	66.667	8.45e-15	WP_010718490.1	1	69
NZ_CP012436.1	2121261	2121055	69	-1	66.667	8.45e-15	WP_010718490.1	1	69
NZ_CP018065.1	887002	887208	69	1	66.667	8.45e-15	WP_010718490.1	1	69
NZ_CP012447.1	1879505	1879299	69	-2	66.667	8.45e-15	WP_010718490.1	1	69
NZ_CP018071.1	494300	494506	69	2	66.667	8.45e-15	WP_010718490.1	1	69
LT603678.1	1889922	1889716	69	-1	66.667	8.45e-15	WP_010718490.1	1	69
CP071271.1	1902497	1902291	69	-1	66.667	8.45e-15	WP_010718490.1	1	69
NZ_CP025389.1	2158653	2158447	69	-2	66.667	8.45e-15	WP_010718490.1	1	69
CP003351.1	1939282	1939076	69	-3	66.667	8.45e-15	WP_010718490.1	1	69
CP092583.1	1998124	1997918	69	-3	66.667	8.45e-15	WP_010718490.1	1	69
NZ_CP013994.1	791511	791717	69	3	66.667	8.45e-15	WP_010718490.1	1	69
NZ_CP012465.1	2146086	2146292	69	3	66.667	8.45e-15	WP_010718490.1	1	69
NZ_OU015350.1	1874747	1874541	69	-2	66.667	8.45e-15	WP_010718490.1	1	69
NZ_CP066637.1	1976537	1976331	69	-3	66.667	8.45e-15	WP_010718490.1	1	69
NZ_AP024831.1	1824444	1824238	69	-3	66.667	8.45e-15	WP_010718490.1	1	69
NZ_CP019992.1	1940341	1940547	69	1	66.667	8.45e-15	WP_010718490.1	1	69
NZ_LR135307.1	2025364	2025158	69	-2	66.667	8.45e-15	WP_010718490.1	1	69
NC_021994.1	1949077	1948871	69	-1	66.667	8.45e-15	WP_010718490.1	1	69
NZ_LR135488.1	2006308	2006102	69	-3	66.667	8.45e-15	WP_010718490.1	1	69
NZ_CP019208.1	384730	384936	69	1	66.667	8.45e-15	WP_010718490.1	1	69
NZ_LR135344.1	1965363	1965157	69	-3	66.667	8.45e-15	WP_010718490.1	1	69
NZ_AP024837.1	1822882	1822676	69	-1	66.667	8.45e-15	WP_010718490.1	1	69
NZ_CP046077.1	1977154	1976948	69	-2	66.667	8.45e-15	WP_010718490.1	1	69
NZ_CP012430.1	585602	585808	69	2	66.667	8.45e-15	WP_010718490.1	1	69
NZ_CP025686.1	12145	12351	69	1	68.116	9.38e-15	WP_010718490.1	1	69
NZ_CP025685.1	916483	916689	69	1	68.116	9.40e-15	WP_010718490.1	1	69
NZ_CP065928.1	2437862	2438068	69	2	66.667	1.40e-14	WP_010718490.1	1	69
NZ_CP064432.1	78836	79042	69	2	66.667	1.40e-14	WP_010718490.1	1	69
NZ_CP066568.1	2170586	2170380	69	-1	66.667	1.40e-14	WP_010718490.1	1	69
NZ_CP066576.1	1165850	1166056	69	2	66.667	1.40e-14	WP_010718490.1	1	69
NZ_CP059806.1	1766594	1766388	69	-3	66.667	2.77e-14	WP_010718490.1	1	69
NZ_CP059784.1	1768376	1768170	69	-2	66.667	2.77e-14	WP_010718490.1	1	69
NZ_CP064424.1	1809573	1809367	69	-2	65.217	4.74e-14	WP_010718490.1	1	69
NZ_CP042598.1	2225631	2225425	69	-1	65.217	6.17e-14	WP_010718490.1	1	69
NZ_CP042597.1	2224138	2224344	69	1	65.217	6.17e-14	WP_010718490.1	1	69
NZ_CP022930.1	97586	97380	69	-1	65.217	1.07e-13	WP_010718490.1	1	69
NZ_CP083695.1	1571806	1571600	69	-3	60.870	3.37e-13	WP_010718490.1	1	69
NZ_CP022340.1	1943527	1943321	69	-1	60.870	3.37e-13	WP_010718490.1	1	69
NC_022878.1	1969214	1969008	69	-3	60.870	3.37e-13	WP_010718490.1	1	69
NZ_CP029066.1	1993650	1993444	69	-3	60.870	3.37e-13	WP_010718490.1	1	69
NZ_AP019810.1	554738	554532	69	-1	60.870	3.37e-13	WP_010718490.1	1	69
NZ_CP018061.1	1973580	1973374	69	-3	59.420	4.43e-13	WP_010718490.1	1	69
NZ_CP025473.1	1823896	1823690	69	-1	59.420	9.66e-13	WP_010718490.1	1	69
NZ_CP023074.1	720948	721154	69	3	59.420	1.53e-11	WP_010718490.1	1	69
NZ_CP078552.1	720948	721154	69	3	59.420	1.53e-11	WP_010718490.1	1	69
NZ_AP019814.1	772193	772399	69	2	56.522	2.86e-11	WP_010718490.1	1	69
NZ_CP081846.1	2175073	2174867	69	-3	55.072	2.24e-10	WP_010718490.1	1	69
NZ_CP072888.1	2321662	2321456	69	-3	55.072	2.24e-10	WP_010718490.1	1	69
CP078553.1	351609	351815	69	3	55.072	2.72e-10	WP_010718490.1	1	69
NZ_CP024590.1	3219548	3219754	69	2	55.072	2.72e-10	WP_010718490.1	1	69
NZ_CP034169.1	4011474	4011268	69	-3	55.072	2.72e-10	WP_010718490.1	1	69
NZ_CP046246.1	2125746	2125952	69	3	50.725	2.95e-10	WP_010718490.1	1	69
NZ_CP020017.1	359786	359992	69	2	50.725	2.95e-10	WP_010718490.1	1	69
CP078164.1	1875026	1874820	69	-1	50.725	2.95e-10	WP_010718490.1	1	69
NZ_CP027768.1	2398949	2398743	69	-2	50.725	2.95e-10	WP_010718490.1	1	69
NZ_CP012047.1	1749979	1749773	69	-3	50.725	7.60e-10	WP_010718490.1	1	69
NC_016052.1	795309	795515	69	3	50.725	7.60e-10	WP_010718490.1	1	69
NZ_CP027786.1	104381	104587	69	2	49.275	7.82e-10	WP_010718490.1	1	69
NZ_CP030932.1	1931641	1931435	69	-2	55.072	8.71e-10	WP_010718490.1	1	69
NZ_CP069079.1	1710102	1709899	68	-2	100.000	6.52e-35	WP_002294571.1	1	68
NZ_CM002372.1	1064183	1064386	68	2	100.000	6.52e-35	WP_002294571.1	1	68
HE613569.1	273374	273577	68	2	100.000	6.52e-35	WP_002294571.1	1	68
HE613569.1	1901528	1901325	68	-3	100.000	6.91e-35	WP_002294571.1	1	68
NZ_CP047631.1	10958	10755	68	-3	100.000	6.91e-35	WP_002294571.1	1	68
NZ_CP037956.1	119241	119038	68	-3	100.000	6.91e-35	WP_002294571.1	1	68
NZ_LR135180.1	78275	78072	68	-3	100.000	6.91e-35	WP_002294571.1	1	68
NZ_LR132068.1	80536	80333	68	-1	100.000	6.91e-35	WP_002294571.1	1	68
NZ_CP023514.1	37606	37403	68	-3	100.000	6.91e-35	WP_002294571.1	1	68
NZ_CP012367.1	119806	119603	68	-2	100.000	6.91e-35	WP_002294571.1	1	68
CP012385.1	141988	142191	68	1	100.000	6.91e-35	WP_002294571.1	1	68
LR135186.1	115359	115156	68	-2	100.000	6.91e-35	WP_002294571.1	1	68
NZ_CP065994.1	1318300	1318503	68	1	100.000	6.91e-35	WP_002294571.1	1	68
NC_016826.1	238419	238622	68	3	100.000	6.91e-35	WP_002294571.1	1	68
NZ_CP013688.1	1710873	1710670	68	-2	100.000	6.91e-35	WP_002294571.1	1	68
NZ_CP014164.1	1812742	1812539	68	-1	100.000	6.91e-35	WP_002294571.1	1	68
NZ_CP014164.1	1818136	1817939	66	-1	66.667	8.39e-20	WP_002294571.1	1	66
NZ_CP030125.1	1142548	1142345	68	-3	100.000	6.91e-35	WP_002294571.1	1	68
NZ_CP047630.1	2277902	2278105	68	2	100.000	6.91e-35	WP_002294571.1	1	68
NZ_CP027768.1	2467285	2467082	68	-3	100.000	6.91e-35	WP_002294571.1	1	68
LR962532.1	24705	24908	68	3	100.000	7.77e-35	WP_002294571.1	1	68
NZ_CP068126.1	439171	438968	68	-2	100.000	7.77e-35	WP_002294571.1	1	68
NZ_CP046123.1	1008342	1008545	68	3	100.000	7.77e-35	WP_002294571.1	1	68
NZ_LR590625.1	862071	862274	68	3	98.529	9.44e-35	WP_002294571.1	1	68
NZ_CP011329.1	1271214	1271011	68	-2	98.529	9.44e-35	WP_002294571.1	1	68
NZ_LR134341.1	102580	102783	68	1	98.529	9.44e-35	WP_002294571.1	1	68
NZ_AP023393.1	927589	927792	68	1	98.529	9.44e-35	WP_002294571.1	1	68
NZ_CP066069.1	1251697	1251900	68	1	98.529	9.44e-35	WP_002294571.1	1	68
NZ_CP053789.1	1093868	1093665	68	-2	98.529	9.44e-35	WP_002294571.1	1	68
NZ_CP046521.1	880066	880269	68	1	98.529	9.44e-35	WP_002294571.1	1	68
NZ_LR594048.1	927247	927450	68	1	98.529	9.44e-35	WP_002294571.1	1	68
NZ_CP058666.1	1968903	1968700	68	-2	98.529	9.44e-35	WP_002294571.1	1	68
NZ_CP031556.1	2133191	2132988	68	-3	98.529	9.44e-35	WP_002294571.1	1	68
NZ_AP018935.1	1305597	1305394	68	-2	98.529	9.44e-35	WP_002294571.1	1	68
NZ_LR594045.1	950203	950406	68	1	98.529	9.44e-35	WP_002294571.1	1	68
NZ_CP033164.1	1174036	1174239	68	1	98.529	9.44e-35	WP_002294571.1	1	68
NZ_CP021770.1	1054413	1054210	68	-3	97.059	1.77e-34	WP_002294571.1	1	68
NZ_CP032740.1	60533	60736	68	2	98.529	1.84e-34	WP_002294571.1	1	68
LR961926.1	99174	98971	68	-1	98.529	1.84e-34	WP_002294571.1	1	68
LR961976.1	113328	113125	68	-3	98.529	1.84e-34	WP_002294571.1	1	68
CP046334.1	357809	358009	67	2	100.000	2.26e-34	WP_002294571.1	1	67
NZ_CP017761.1	2665301	2665098	68	-2	98.529	2.47e-34	WP_002294571.1	1	68
NZ_CP017761.1	2689242	2689048	65	-1	49.231	8.73e-13	WP_002294571.1	1	65
NZ_LS483387.1	1217506	1217303	68	-3	97.059	2.62e-34	WP_002294571.1	1	68
CP002215.1	923483	923686	68	2	97.059	2.62e-34	WP_002294571.1	1	68
NC_004116.1	1273657	1273454	68	-3	97.059	2.62e-34	WP_002294571.1	1	68
NZ_LS483363.1	1311643	1311440	68	-2	97.059	2.62e-34	WP_002294571.1	1	68
NZ_LR594047.1	971459	971662	68	2	97.059	2.62e-34	WP_002294571.1	1	68
NZ_LS483413.1	1528488	1528285	68	-2	97.059	2.62e-34	WP_002294571.1	1	68
NZ_CP031970.1	1805307	1805107	67	-2	98.507	2.91e-34	WP_002294571.1	1	67
NZ_CP076721.1	1501621	1501821	67	1	98.507	2.91e-34	WP_002294571.1	1	67
LR962394.1	36094	36294	67	1	98.507	8.15e-34	WP_002294571.1	1	67
NZ_CP085296.1	47465	47265	67	-1	98.507	8.15e-34	WP_002294571.1	1	67
LR962448.1	45013	44813	67	-2	98.507	8.15e-34	WP_002294571.1	1	67
LR962154.1	23431	23231	67	-1	98.507	8.15e-34	WP_002294571.1	1	67
NZ_CP042214.1	12039	11839	67	-3	98.507	8.15e-34	WP_002294571.1	1	67
CP042214.1	12039	11839	67	-3	98.507	8.15e-34	WP_002294571.1	1	67
LR962408.1	56028	56228	67	3	98.507	8.15e-34	WP_002294571.1	1	67
LR962727.1	43439	43639	67	2	98.507	8.15e-34	WP_002294571.1	1	67
NZ_CP049776.1	43816	44016	67	1	98.507	8.15e-34	WP_002294571.1	1	67
NZ_CP042217.2	70606	70406	67	-1	98.507	8.15e-34	WP_002294571.1	1	67
NZ_CP030044.1	9441	9241	67	-3	98.507	8.15e-34	WP_002294571.1	1	67
NZ_CP028836.1	5002	5202	67	1	98.507	8.15e-34	WP_002294571.1	1	67
LR962704.1	63083	63283	67	2	98.507	8.15e-34	WP_002294571.1	1	67
LR962847.1	43815	44015	67	3	98.507	8.15e-34	WP_002294571.1	1	67
LR962573.1	43814	44014	67	2	98.507	8.15e-34	WP_002294571.1	1	67
LR962281.1	32077	31877	67	-2	98.507	8.15e-34	WP_002294571.1	1	67
LR962490.1	11833	11633	67	-2	98.507	8.15e-34	WP_002294571.1	1	67
LR962481.1	46566	46366	67	-2	98.507	8.15e-34	WP_002294571.1	1	67
LR961949.1	29440	29640	67	1	98.507	8.15e-34	WP_002294571.1	1	67
NZ_CP091907.1	105886	105686	67	-2	98.507	8.15e-34	WP_002294571.1	1	67
NZ_CP068245.1	124487	124287	67	-2	98.507	8.15e-34	WP_002294571.1	1	67
NZ_CP074110.1	105311	105111	67	-3	98.507	8.15e-34	WP_002294571.1	1	67
NZ_CP074108.1	104467	104667	67	1	98.507	8.15e-34	WP_002294571.1	1	67
CP066213.1	21606	21806	67	3	98.507	8.15e-34	WP_002294571.1	1	67
NZ_CP074106.1	106680	106480	67	-3	98.507	8.15e-34	WP_002294571.1	1	67
NZ_CP082266.1	109892	110092	67	2	98.507	8.15e-34	WP_002294571.1	1	67
NZ_LR135783.1	152317	152117	67	-3	98.507	8.15e-34	WP_002294571.1	1	67
NZ_CP091893.1	7474	7274	67	-2	98.507	8.15e-34	WP_002294571.1	1	67
NZ_LR135171.1	154968	154768	67	-3	98.507	8.15e-34	WP_002294571.1	1	67
NZ_CP091103.1	60008	60208	67	2	98.507	8.15e-34	WP_002294571.1	1	67
NZ_CP084887.1	138916	138716	67	-1	98.507	8.15e-34	WP_002294571.1	1	67
CP081503.1	157181	157381	67	2	98.507	8.15e-34	WP_002294571.1	1	67
NZ_CP040850.1	29490	29290	67	-1	98.507	8.15e-34	WP_002294571.1	1	67
NZ_CP065774.1	172941	172741	67	-3	98.507	8.15e-34	WP_002294571.1	1	67
NZ_CP011829.1	91080	91280	67	3	98.507	8.15e-34	WP_002294571.1	1	67
NZ_CP065771.1	151908	151708	67	-1	98.507	8.15e-34	WP_002294571.1	1	67
NZ_CP072879.1	149850	150050	67	3	98.507	8.15e-34	WP_002294571.1	1	67
NZ_LR135169.1	914066	914266	67	2	98.507	8.15e-34	WP_002294571.1	1	67
LR962444.1	2500973	2500773	67	-2	98.507	8.15e-34	WP_002294571.1	1	67
LR962440.1	2543134	2542934	67	-2	98.507	8.15e-34	WP_002294571.1	1	67
LR962190.1	382322	382522	67	2	98.507	8.15e-34	WP_002294571.1	1	67
LR962190.1	246227	246427	67	2	44.776	8.68e-10	WP_002294571.1	1	67
NZ_CP008816.1	2525185	2525385	67	1	98.507	8.15e-34	WP_002294571.1	1	67
NZ_CP008816.1	2389119	2389319	67	3	44.776	8.68e-10	WP_002294571.1	1	67
LR962695.1	410299	410499	67	1	98.507	8.15e-34	WP_002294571.1	1	67
LR962695.1	274226	274426	67	2	44.776	8.68e-10	WP_002294571.1	1	67
LR962019.1	382422	382622	67	3	98.507	8.15e-34	WP_002294571.1	1	67
LR962019.1	246316	246516	67	1	44.776	8.68e-10	WP_002294571.1	1	67
NZ_CP068249.1	2561781	2561981	67	3	98.507	8.15e-34	WP_002294571.1	1	67
NZ_CP068249.1	275878	276078	67	1	44.776	8.68e-10	WP_002294571.1	1	67
LR962293.1	382315	382515	67	1	97.015	3.54e-33	WP_002294571.1	1	67
LR962293.1	246215	246415	67	2	44.776	8.68e-10	WP_002294571.1	1	67
NZ_CP063066.1	42715	42918	68	1	83.824	8.17e-29	WP_002294571.1	1	68
NC_022603.1	15726	15929	68	3	66.176	8.31e-22	WP_002294571.1	1	68
NZ_CP084916.1	1509129	1509332	68	3	66.176	8.32e-22	WP_002294571.1	1	68
NZ_CP084916.1	1924460	1924645	62	2	51.613	4.32e-13	WP_002294571.1	7	68
NZ_CP019433.1	63361	63558	66	1	66.667	1.31e-19	WP_002294571.1	1	66
NZ_CP019433.1	159195	159392	66	3	50.000	3.81e-11	WP_002294571.1	1	66
NZ_CP049889.1	116276	116473	66	2	65.152	3.76e-19	WP_002294571.1	1	66
NC_022606.1	1805140	1804937	68	-1	58.824	2.41e-18	WP_002294571.1	1	68
NZ_CP037754.1	9032	8871	54	-1	83.333	2.17e-17	WP_002294571.1	15	68
NC_015756.1	6548	6709	54	2	83.333	2.18e-17	WP_002294571.1	15	68
NZ_CP065046.1	1803556	1803717	54	1	83.333	2.18e-17	WP_002294571.1	15	68
NZ_CP014332.1	1182742	1182611	44	-3	100.000	2.41e-17	WP_002294571.1	25	68
NZ_CP021969.1	21699	21568	44	-3	100.000	2.65e-17	WP_002294571.1	25	68
NZ_CP021969.1	7502	7371	44	-1	100.000	2.65e-17	WP_002294571.1	25	68
NZ_CP043432.1	5073	5204	44	3	100.000	2.67e-17	WP_002294571.1	25	68
NZ_CP042381.1	736	605	44	-2	100.000	2.67e-17	WP_002294571.1	25	68
NZ_CP086020.1	76457	76326	44	-1	100.000	3.80e-17	WP_002294571.1	25	68
NZ_CP090984.1	51773	51970	66	2	59.091	4.23e-17	WP_002294571.1	1	66
NZ_CP042387.1	1529594	1529433	54	-3	81.481	6.01e-17	WP_002294571.1	15	68
NZ_CP042390.1	1625112	1624951	54	-3	81.481	6.01e-17	WP_002294571.1	15	68
NZ_CP033608.1	1018566	1018405	54	-1	81.481	8.45e-17	WP_002294571.1	15	68
NZ_CP042399.1	1719077	1718916	54	-2	81.481	8.45e-17	WP_002294571.1	15	68
NZ_CP021494.1	9844	10005	54	1	81.481	9.20e-17	WP_002294571.1	15	68
NZ_CP021493.1	11272	11111	54	-3	81.481	9.20e-17	WP_002294571.1	15	68
NZ_CP028258.1	3721	3560	54	-3	81.481	9.20e-17	WP_002294571.1	15	68
NZ_CP066298.1	7961	8122	54	2	81.481	9.20e-17	WP_002294571.1	15	68
NZ_CP049099.1	5039	4908	44	-1	97.727	1.00e-16	WP_002294571.1	25	68
NC_015391.1	2001553	2001350	68	-1	52.941	2.78e-16	WP_002294571.1	1	68
NZ_CP016330.1	10734	10865	44	3	95.455	1.51e-15	WP_002294571.1	25	68
NZ_CP014610.1	1186886	1186755	44	-3	95.455	1.51e-15	WP_002294571.1	25	68
NZ_CP067364.1	318654	318851	66	3	53.030	2.23e-15	WP_002294571.1	1	66
NZ_CP047412.1	134412	134570	53	3	77.358	5.74e-14	WP_002294571.1	16	68
NZ_CP089850.1	917499	917341	53	-1	77.358	5.74e-14	WP_002294571.1	16	68
NZ_CP020858.1	1706931	1706773	53	-1	75.472	2.87e-13	WP_002294571.1	16	68
NZ_CP062071.1	181837	181995	53	1	75.472	2.87e-13	WP_002294571.1	16	68
NZ_CP010796.1	2123538	2123735	66	3	50.000	3.74e-13	WP_002294571.1	1	66
NZ_LT960777.1	1423469	1423275	65	-2	55.385	1.37e-12	WP_002294571.1	1	65
NZ_CP025203.1	1201256	1201062	65	-1	55.385	1.37e-12	WP_002294571.1	1	65
NZ_CP025136.1	337766	337572	65	-2	55.385	1.37e-12	WP_002294571.1	1	65
CP064817.1	588469	588663	65	1	55.385	1.37e-12	WP_002294571.1	1	65
NZ_CP048116.1	566248	566054	65	-1	55.385	1.37e-12	WP_002294571.1	1	65
NZ_LT960781.1	1566419	1566225	65	-1	55.385	1.37e-12	WP_002294571.1	1	65
NZ_CP020806.1	634144	633950	65	-2	55.385	1.37e-12	WP_002294571.1	1	65
NZ_LT907929.1	1331713	1331519	65	-2	55.385	1.45e-12	WP_002294571.1	1	65
NZ_LT907931.1	1368308	1368114	65	-3	55.385	1.45e-12	WP_002294571.1	1	65
NC_007576.1	1400353	1400159	65	-1	55.385	1.45e-12	WP_002294571.1	1	65
NZ_LT907933.1	1428447	1428253	65	-1	55.385	1.45e-12	WP_002294571.1	1	65
NZ_CP020459.1	1452586	1452392	65	-3	55.385	1.45e-12	WP_002294571.1	1	65
NZ_AP017931.1	497237	497431	65	2	55.385	1.45e-12	WP_002294571.1	1	65
NZ_CP043731.1	1743513	1743319	65	-3	55.385	1.45e-12	WP_002294571.1	1	65
NZ_LT960784.1	1485534	1485340	65	-1	55.385	1.45e-12	WP_002294571.1	1	65
NZ_CP043729.1	592641	592835	65	3	55.385	1.45e-12	WP_002294571.1	1	65
NZ_CP043730.1	1783770	1783576	65	-1	55.385	1.45e-12	WP_002294571.1	1	65
NZ_CP043728.1	176162	175968	65	-1	55.385	1.45e-12	WP_002294571.1	1	65
NZ_CP025839.1	1573310	1573116	65	-3	55.385	1.45e-12	WP_002294571.1	1	65
NZ_CP033165.1	968305	968457	66	1	60.606	1.92e-12	WP_002294571.1	3	68
NZ_CP082858.1	1088861	1089049	65	2	53.846	4.72e-12	WP_002294571.1	1	65
NZ_LT907930.1	1209789	1209595	65	-3	53.846	5.68e-12	WP_002294571.1	1	65
NZ_LT960788.1	1497530	1497336	65	-2	53.846	5.68e-12	WP_002294571.1	1	65
NZ_AP017929.1	1033451	1033645	65	2	53.846	6.84e-12	WP_002294571.1	1	65
NZ_CP046037.1	271600	271406	65	-3	53.846	6.84e-12	WP_002294571.1	1	65
NZ_CP025206.1	1638626	1638820	65	2	53.846	6.84e-12	WP_002294571.1	1	65
NZ_CP032640.1	1352842	1352648	65	-3	53.846	6.84e-12	WP_002294571.1	1	65
NZ_CP032652.1	344015	344209	65	2	53.846	6.84e-12	WP_002294571.1	1	65
NZ_CP032635.1	1502708	1502514	65	-3	53.846	6.84e-12	WP_002294571.1	1	65
NZ_CP032633.1	1817046	1816852	65	-1	53.846	6.84e-12	WP_002294571.1	1	65
NZ_CP022709.1	1008175	1007981	65	-1	53.846	6.84e-12	WP_002294571.1	1	65
NZ_CP059697.1	897223	897417	65	1	53.846	6.84e-12	WP_002294571.1	1	65
NZ_CP075489.1	1508938	1508744	65	-3	53.846	6.84e-12	WP_002294571.1	1	65
NZ_LT960790.1	1466854	1466660	65	-1	53.846	8.00e-12	WP_002294571.1	1	65
NZ_CP085961.1	898599	898423	59	-3	50.847	1.93e-11	WP_002294571.1	7	65
NZ_CP058261.1	595115	594921	65	-2	49.231	2.66e-11	WP_002294571.1	4	68
NZ_LR134489.1	2470645	2470451	65	-1	47.692	3.17e-11	WP_002294571.1	4	68
NZ_CP027232.1	2577614	2577799	62	2	50.000	3.33e-11	WP_002294571.1	4	65
NZ_CP049740.1	341544	341347	66	-3	50.000	3.81e-11	WP_002294571.1	1	66
NZ_CP012589.1	1104542	1104348	65	-2	47.692	4.04e-11	WP_002294571.1	4	68
NZ_CP022379.1	2383321	2383136	62	-3	48.387	5.75e-11	WP_002294571.1	4	65
NZ_CP022385.1	1107880	1108065	62	1	48.387	5.75e-11	WP_002294571.1	4	65
NZ_CP022383.1	2588610	2588425	62	-1	48.387	5.75e-11	WP_002294571.1	4	65
NZ_CP022022.1	1492917	1492732	62	-1	48.387	5.75e-11	WP_002294571.1	4	65
NC_013162.1	318184	317990	65	-3	47.692	6.40e-11	WP_002294571.1	4	68
NZ_CP082870.1	1774819	1774625	65	-3	47.692	6.40e-11	WP_002294571.1	4	68
NZ_CP027229.1	169823	169638	62	-1	45.161	1.02e-10	WP_002294571.1	4	65
LR962842.1	249658	249858	67	1	46.269	1.40e-10	WP_002294571.1	1	67
NZ_CP039434.1	255167	255367	67	2	46.269	1.40e-10	WP_002294571.1	1	67
LR962225.1	251232	251432	67	3	46.269	1.40e-10	WP_002294571.1	1	67
LR961994.1	303552	303752	67	3	46.269	1.40e-10	WP_002294571.1	1	67
NZ_CP014227.1	1474509	1474333	59	-2	49.153	1.57e-10	WP_002294571.1	7	65
NZ_LT906449.1	389817	389993	59	3	49.153	1.57e-10	WP_002294571.1	7	65
NZ_CP090983.1	922183	922380	66	1	45.455	2.09e-10	WP_002294571.1	1	66
NZ_LT984417.1	1638860	1638666	65	-3	44.615	5.22e-10	WP_002294571.1	1	65
LR962850.1	286600	286800	67	1	43.284	6.60e-10	WP_002294571.1	1	67
LR962840.1	286600	286800	67	1	43.284	6.60e-10	WP_002294571.1	1	67
LR962843.1	286327	286527	67	1	43.284	6.60e-10	WP_002294571.1	1	67
LR961923.1	312402	312602	67	3	43.284	6.60e-10	WP_002294571.1	1	67
NZ_CP045872.1	2219871	2220062	65	3	49.231	7.87e-10	WP_002294571.1	1	65
LR962395.1	247767	247967	67	3	44.776	8.68e-10	WP_002294571.1	1	67
NZ_CP041877.1	2045008	2045208	67	1	44.776	8.68e-10	WP_002294571.1	1	67
NZ_CP046113.1	251652	251852	67	3	44.776	8.68e-10	WP_002294571.1	1	67
LR962572.1	250793	250993	67	2	44.776	8.68e-10	WP_002294571.1	1	67
LR962580.1	264613	264813	67	1	44.776	8.68e-10	WP_002294571.1	1	67
NZ_CP018004.2	255582	255782	67	3	44.776	8.68e-10	WP_002294571.1	1	67
CP018004.2	255582	255782	67	3	44.776	8.68e-10	WP_002294571.1	1	67
NZ_CP050491.1	253205	253405	67	2	44.776	8.68e-10	WP_002294571.1	1	67
LR962546.1	248017	248217	67	1	44.776	8.68e-10	WP_002294571.1	1	67
LR962311.1	284165	284365	67	2	44.776	8.68e-10	WP_002294571.1	1	67
LR962319.1	257819	258019	67	2	44.776	8.68e-10	WP_002294571.1	1	67
LR962726.1	249105	249305	67	3	44.776	8.68e-10	WP_002294571.1	1	67
LR962554.1	260860	261060	67	1	44.776	8.68e-10	WP_002294571.1	1	67
LR962211.1	250299	250499	67	3	44.776	8.68e-10	WP_002294571.1	1	67
NZ_AP017623.1	261607	261807	67	1	44.776	8.68e-10	WP_002294571.1	1	67
LR962548.1	248652	248852	67	3	44.776	8.68e-10	WP_002294571.1	1	67
LR962517.1	248653	248853	67	1	44.776	8.68e-10	WP_002294571.1	1	67
NZ_CP022488.1	251599	251799	67	1	44.776	8.68e-10	WP_002294571.1	1	67
LR962144.1	247195	247395	67	1	44.776	8.68e-10	WP_002294571.1	1	67
NZ_LR134312.1	261615	261815	67	3	44.776	8.68e-10	WP_002294571.1	1	67
LR962010.1	255512	255712	67	2	44.776	8.68e-10	WP_002294571.1	1	67
LR962550.1	258080	258280	67	2	44.776	8.68e-10	WP_002294571.1	1	67
LR962595.1	246396	246596	67	3	44.776	8.68e-10	WP_002294571.1	1	67
LR962149.1	255417	255617	67	3	44.776	8.68e-10	WP_002294571.1	1	67
NZ_CP045598.1	273270	273470	67	3	44.776	8.68e-10	WP_002294571.1	1	67
LR962251.1	2645939	2645739	67	-2	44.776	8.68e-10	WP_002294571.1	1	67
LR962775.1	260489	260689	67	2	44.776	8.68e-10	WP_002294571.1	1	67
LR962300.1	249438	249638	67	3	44.776	8.68e-10	WP_002294571.1	1	67
NZ_CP025020.1	252535	252735	67	1	44.776	8.68e-10	WP_002294571.1	1	67
NC_017316.1	252538	252738	67	1	44.776	8.68e-10	WP_002294571.1	1	67
LR962797.1	286666	286866	67	1	44.776	8.68e-10	WP_002294571.1	1	67
NZ_CP025021.1	252533	252733	67	2	44.776	8.68e-10	WP_002294571.1	1	67
LR962331.1	253660	253860	67	1	44.776	8.68e-10	WP_002294571.1	1	67
LR961975.1	256491	256691	67	3	44.776	8.68e-10	WP_002294571.1	1	67
LR962615.1	251180	251380	67	2	44.776	8.68e-10	WP_002294571.1	1	67
LR961986.1	255191	255391	67	2	44.776	8.68e-10	WP_002294571.1	1	67
NZ_CP060796.1	288443	288643	67	2	44.776	8.68e-10	WP_002294571.1	1	67
LR962826.1	248329	248529	67	1	44.776	8.68e-10	WP_002294571.1	1	67
LR962545.1	255203	255403	67	2	44.776	8.68e-10	WP_002294571.1	1	67
LR962602.1	255148	255348	67	1	44.776	8.68e-10	WP_002294571.1	1	67
NZ_CP091906.1	251862	252062	67	3	44.776	8.68e-10	WP_002294571.1	1	67
NZ_CP028724.1	1681854	1682054	67	3	44.776	8.68e-10	WP_002294571.1	1	67
LR962846.1	276043	276243	67	1	44.776	8.68e-10	WP_002294571.1	1	67
LR962830.1	248832	249032	67	3	44.776	8.68e-10	WP_002294571.1	1	67
NZ_OD940422.1	1541586	1541786	67	3	44.776	8.68e-10	WP_002294571.1	1	67
NZ_CP046022.1	1473417	1473217	67	-1	44.776	8.68e-10	WP_002294571.1	1	67
LR962097.1	247930	248130	67	1	44.776	8.68e-10	WP_002294571.1	1	67
LR962188.1	249040	249240	67	1	44.776	8.68e-10	WP_002294571.1	1	67
LR962525.1	247217	247417	67	2	44.776	8.68e-10	WP_002294571.1	1	67
LR961961.1	273480	273680	67	3	44.776	8.68e-10	WP_002294571.1	1	67
NZ_CP086566.1	251792	251992	67	2	44.776	8.68e-10	WP_002294571.1	1	67
NZ_CP086564.1	251792	251992	67	2	44.776	8.68e-10	WP_002294571.1	1	67
LR962832.1	239485	239685	67	1	44.776	8.68e-10	WP_002294571.1	1	67
LR962480.1	257639	257839	67	2	44.776	8.68e-10	WP_002294571.1	1	67
LR962489.1	257639	257839	67	2	44.776	8.68e-10	WP_002294571.1	1	67
LR962163.1	240473	240673	67	2	44.776	8.68e-10	WP_002294571.1	1	67
LR962591.1	239564	239764	67	2	44.776	8.68e-10	WP_002294571.1	1	67
LR962137.1	245842	246042	67	1	44.776	8.68e-10	WP_002294571.1	1	67
LR962390.1	247499	247699	67	2	44.776	8.68e-10	WP_002294571.1	1	67
LR962857.1	245639	245839	67	2	44.776	8.68e-10	WP_002294571.1	1	67
LR962720.1	285602	285802	67	2	44.776	8.68e-10	WP_002294571.1	1	67
LR962620.1	368019	368219	67	3	44.776	8.68e-10	WP_002294571.1	1	67
LR962323.1	261049	261249	67	1	44.776	8.68e-10	WP_002294571.1	1	67
LR962561.1	253798	253998	67	1	44.776	8.68e-10	WP_002294571.1	1	67
NZ_CP041344.1	282710	282910	67	2	44.776	8.68e-10	WP_002294571.1	1	67
LR962275.1	294644	294844	67	2	44.776	8.68e-10	WP_002294571.1	1	67
LR962834.1	274332	274532	67	3	44.776	8.68e-10	WP_002294571.1	1	67
LR962230.1	292226	292426	67	2	44.776	8.68e-10	WP_002294571.1	1	67
LR962539.1	292406	292606	67	2	44.776	8.68e-10	WP_002294571.1	1	67
NZ_AP025270.1	261720	261920	67	3	44.776	8.68e-10	WP_002294571.1	1	67
LR962447.1	248215	248415	67	1	44.776	8.68e-10	WP_002294571.1	1	67
LR961959.1	266548	266748	67	1	44.776	8.68e-10	WP_002294571.1	1	67
LR962200.1	256478	256678	67	2	44.776	8.68e-10	WP_002294571.1	1	67
LR962180.1	2703054	2702854	67	-3	44.776	8.68e-10	WP_002294571.1	1	67
LR962256.1	247551	247751	67	3	44.776	8.68e-10	WP_002294571.1	1	67
LR962859.1	287180	287380	67	2	44.776	8.68e-10	WP_002294571.1	1	67
LR962542.1	287180	287380	67	2	44.776	8.68e-10	WP_002294571.1	1	67
LR962811.1	253984	254184	67	1	44.776	8.68e-10	WP_002294571.1	1	67
LR962346.1	275851	276051	67	1	44.776	8.68e-10	WP_002294571.1	1	67
NZ_CP042216.2	269509	269709	67	1	44.776	8.68e-10	WP_002294571.1	1	67
LR962589.1	249588	249788	67	3	44.776	8.68e-10	WP_002294571.1	1	67
LR962197.1	277196	277396	67	2	44.776	8.68e-10	WP_002294571.1	1	67
NZ_OD940434.1	282227	282427	67	2	44.776	8.68e-10	WP_002294571.1	1	67
LR962210.1	285979	286179	67	1	44.776	8.68e-10	WP_002294571.1	1	67
LR962617.1	248334	248534	67	3	44.776	8.68e-10	WP_002294571.1	1	67
LR962551.1	253735	253935	67	1	44.776	8.68e-10	WP_002294571.1	1	67
LR962353.1	262801	263001	67	1	44.776	8.68e-10	WP_002294571.1	1	67
NZ_CP073085.1	306823	307023	67	1	44.776	8.68e-10	WP_002294571.1	1	67
NZ_CP092907.1	229791	229991	67	3	44.776	8.68e-10	WP_002294571.1	1	67
LR961945.1	276151	276351	67	1	44.776	8.68e-10	WP_002294571.1	1	67
NZ_CP030045.1	264343	264543	67	1	44.776	8.68e-10	WP_002294571.1	1	67
NZ_CP043724.2	341006	341206	67	2	44.776	8.68e-10	WP_002294571.1	1	67
CP043724.2	341006	341206	67	2	44.776	8.68e-10	WP_002294571.1	1	67
LR962426.1	258753	258953	67	3	44.776	8.68e-10	WP_002294571.1	1	67
LR961996.1	2730220	2730020	67	-2	44.776	8.68e-10	WP_002294571.1	1	67
NZ_CP085294.1	745893	746093	67	3	44.776	8.68e-10	WP_002294571.1	1	67
LR962236.1	259704	259904	67	3	44.776	8.68e-10	WP_002294571.1	1	67
LR962805.1	258778	258978	67	1	44.776	8.68e-10	WP_002294571.1	1	67
NZ_CP090558.1	286433	286633	67	2	44.776	8.68e-10	WP_002294571.1	1	67
LR962315.1	247862	248062	67	2	44.776	8.68e-10	WP_002294571.1	1	67
LR961980.1	258764	258964	67	2	44.776	8.68e-10	WP_002294571.1	1	67
NZ_CP030042.1	2573519	2573319	67	-1	44.776	8.68e-10	WP_002294571.1	1	67
LR961951.1	248275	248475	67	1	44.776	8.68e-10	WP_002294571.1	1	67
LR962461.1	272400	272600	67	3	44.776	8.68e-10	WP_002294571.1	1	67
NZ_CP049775.1	304742	304942	67	2	44.776	8.68e-10	WP_002294571.1	1	67
NZ_OD940440.2	261732	261932	67	3	44.776	8.68e-10	WP_002294571.1	1	67
LR962636.1	260230	260430	67	1	44.776	8.68e-10	WP_002294571.1	1	67
LR962818.1	251786	251986	67	2	44.776	8.68e-10	WP_002294571.1	1	67
NZ_CP082231.1	269569	269769	67	1	44.776	8.68e-10	WP_002294571.1	1	67
LR962023.1	255439	255639	67	1	44.776	8.68e-10	WP_002294571.1	1	67
LR962663.1	250164	250364	67	3	44.776	8.68e-10	WP_002294571.1	1	67
NZ_CP041012.1	2821480	2821280	67	-3	44.776	8.68e-10	WP_002294571.1	1	67
LR962501.1	247487	247687	67	2	44.776	8.68e-10	WP_002294571.1	1	67
LR962194.1	283378	283578	67	1	44.776	8.68e-10	WP_002294571.1	1	67
LR962254.1	254432	254632	67	2	44.776	8.68e-10	WP_002294571.1	1	67
NZ_CP022059.1	324249	324049	67	-1	44.776	8.68e-10	WP_002294571.1	1	67
CP022059.2	324249	324049	67	-1	44.776	8.68e-10	WP_002294571.1	1	67
LR962836.1	255074	255274	67	2	44.776	8.68e-10	WP_002294571.1	1	67
LR962541.1	258627	258827	67	3	44.776	8.68e-10	WP_002294571.1	1	67
LR962196.1	251754	251954	67	3	44.776	8.68e-10	WP_002294571.1	1	67
NZ_LR594051.1	262801	263001	67	1	44.776	8.68e-10	WP_002294571.1	1	67
NZ_CP039752.1	491520	491720	67	3	44.776	8.68e-10	WP_002294571.1	1	67
LR962060.1	261732	261932	67	3	44.776	8.68e-10	WP_002294571.1	1	67
LR962474.1	261735	261935	67	3	44.776	8.68e-10	WP_002294571.1	1	67
LR962328.1	260373	260573	67	3	44.776	8.68e-10	WP_002294571.1	1	67
NZ_CP015883.1	401544	401744	67	3	44.776	8.68e-10	WP_002294571.1	1	67
LR962567.1	243956	244156	67	2	44.776	8.68e-10	WP_002294571.1	1	67
LR962468.1	287510	287710	67	2	44.776	8.68e-10	WP_002294571.1	1	67
LR962691.1	263356	263556	67	1	44.776	8.68e-10	WP_002294571.1	1	67
LR962700.1	2796801	2796601	67	-1	44.776	8.68e-10	WP_002294571.1	1	67
LR962666.1	248386	248586	67	1	44.776	8.68e-10	WP_002294571.1	1	67
LR962687.1	248386	248586	67	1	44.776	8.68e-10	WP_002294571.1	1	67
LR962155.1	260188	260388	67	1	44.776	8.68e-10	WP_002294571.1	1	67
NZ_CP081505.1	275863	276063	67	1	44.776	8.68e-10	WP_002294571.1	1	67
LR962711.1	263355	263555	67	3	44.776	8.68e-10	WP_002294571.1	1	67
LR962642.1	261722	261922	67	2	44.776	8.68e-10	WP_002294571.1	1	67
LR962428.1	287510	287710	67	2	44.776	8.68e-10	WP_002294571.1	1	67
LR962021.1	2802844	2802644	67	-2	44.776	8.68e-10	WP_002294571.1	1	67
LR962036.1	279784	279984	67	1	44.776	8.68e-10	WP_002294571.1	1	67
LR962043.1	246248	246448	67	2	44.776	8.68e-10	WP_002294571.1	1	67
LR962375.1	246653	246853	67	2	44.776	8.68e-10	WP_002294571.1	1	67
NZ_CP021161.1	362233	362433	67	1	44.776	8.68e-10	WP_002294571.1	1	67
LR962782.1	260161	260361	67	1	44.776	8.68e-10	WP_002294571.1	1	67
LR962598.1	249779	249979	67	2	44.776	8.68e-10	WP_002294571.1	1	67
LR962708.1	261721	261921	67	1	44.776	8.68e-10	WP_002294571.1	1	67
LR961938.1	250301	250501	67	2	44.776	8.68e-10	WP_002294571.1	1	67
LR961948.1	255369	255569	67	3	44.776	8.68e-10	WP_002294571.1	1	67
LR962486.1	284599	284799	67	1	44.776	8.68e-10	WP_002294571.1	1	67
LR962258.1	2807639	2807439	67	-3	44.776	8.68e-10	WP_002294571.1	1	67
LR962731.1	251719	251919	67	1	44.776	8.68e-10	WP_002294571.1	1	67
LR962806.1	279785	279985	67	2	44.776	8.68e-10	WP_002294571.1	1	67
LR962736.1	2817381	2817181	67	-2	44.776	8.68e-10	WP_002294571.1	1	67
LR962002.1	263108	263308	67	2	44.776	8.68e-10	WP_002294571.1	1	67
LR962415.1	262521	262721	67	3	44.776	8.68e-10	WP_002294571.1	1	67
LR962723.1	270534	270734	67	3	44.776	8.68e-10	WP_002294571.1	1	67
LR962298.1	261066	261266	67	3	44.776	8.68e-10	WP_002294571.1	1	67
LR962558.1	257630	257830	67	2	44.776	8.68e-10	WP_002294571.1	1	67
NZ_CP046108.1	2807101	2806901	67	-3	44.776	8.68e-10	WP_002294571.1	1	67
LR962497.1	265094	265294	67	2	44.776	8.68e-10	WP_002294571.1	1	67
LR962586.1	404418	404618	67	3	44.776	8.68e-10	WP_002294571.1	1	67
LR962280.1	254876	255076	67	2	44.776	8.68e-10	WP_002294571.1	1	67
LR962814.1	293456	293656	67	2	44.776	8.68e-10	WP_002294571.1	1	67
LR962407.1	255297	255497	67	3	44.776	8.68e-10	WP_002294571.1	1	67
LR962110.1	2829755	2829555	67	-1	44.776	8.68e-10	WP_002294571.1	1	67
LR962495.1	286410	286610	67	3	44.776	8.68e-10	WP_002294571.1	1	67
LR961957.1	266550	266750	67	3	44.776	8.68e-10	WP_002294571.1	1	67
LR962738.1	247003	247203	67	1	44.776	8.68e-10	WP_002294571.1	1	67
LR962051.1	300089	300289	67	2	44.776	8.68e-10	WP_002294571.1	1	67
LR962523.1	2836202	2836002	67	-2	44.776	8.68e-10	WP_002294571.1	1	67
LR962101.1	246286	246486	67	1	44.776	8.68e-10	WP_002294571.1	1	67
LR962466.1	285829	286029	67	1	44.776	8.68e-10	WP_002294571.1	1	67
NZ_CP028285.1	2714910	2714710	67	-2	44.776	8.68e-10	WP_002294571.1	1	67
LR962029.1	263086	263286	67	1	44.776	8.68e-10	WP_002294571.1	1	67
LR962684.1	261737	261937	67	2	44.776	8.68e-10	WP_002294571.1	1	67
LR962437.1	262085	262285	67	2	44.776	8.68e-10	WP_002294571.1	1	67
LR962121.1	2847501	2847301	67	-2	44.776	8.68e-10	WP_002294571.1	1	67
NZ_CP046111.1	39303	39103	67	-3	44.776	8.68e-10	WP_002294571.1	1	67
LR962784.1	287518	287718	67	1	44.776	8.68e-10	WP_002294571.1	1	67
LR961991.1	261164	261364	67	2	44.776	8.68e-10	WP_002294571.1	1	67
LR962717.1	260149	260349	67	1	44.776	8.68e-10	WP_002294571.1	1	67
NZ_CP046112.1	2897890	2898090	67	1	44.776	8.68e-10	WP_002294571.1	1	67
NZ_CP053026.1	2389142	2389342	67	2	44.776	8.68e-10	WP_002294571.1	1	67
NZ_CP036249.1	255476	255676	67	2	44.776	8.68e-10	WP_002294571.1	1	67
LR962396.1	251090	251290	67	2	44.776	8.68e-10	WP_002294571.1	1	67
LR962296.1	262461	262661	67	3	44.776	8.68e-10	WP_002294571.1	1	67
LR962231.1	265758	265958	67	3	44.776	8.68e-10	WP_002294571.1	1	67
LR962165.1	249449	249649	67	2	44.776	8.68e-10	WP_002294571.1	1	67
LR962351.1	257735	257935	67	2	44.776	8.68e-10	WP_002294571.1	1	67
LR961933.1	260375	260575	67	2	44.776	8.68e-10	WP_002294571.1	1	67
LR962340.1	260372	260572	67	2	44.776	8.68e-10	WP_002294571.1	1	67
LR962802.1	262510	262710	67	1	44.776	8.68e-10	WP_002294571.1	1	67
LR962382.1	2856836	2856636	67	-3	44.776	8.68e-10	WP_002294571.1	1	67
LR962454.1	246318	246518	67	3	44.776	8.68e-10	WP_002294571.1	1	67
LR962676.1	296968	297168	67	1	44.776	8.68e-10	WP_002294571.1	1	67
LR962650.1	296968	297168	67	1	44.776	8.68e-10	WP_002294571.1	1	67
NZ_CP004081.1	261174	261374	67	3	44.776	8.68e-10	WP_002294571.1	1	67
LR962647.1	283039	283239	67	1	44.776	8.68e-10	WP_002294571.1	1	67
NZ_CP033787.1	717677	717477	67	-1	44.776	8.68e-10	WP_002294571.1	1	67
LR962654.1	260493	260693	67	3	44.776	8.68e-10	WP_002294571.1	1	67
LR962608.1	255860	256060	67	2	44.776	8.68e-10	WP_002294571.1	1	67
LR962107.1	300598	300798	67	1	44.776	8.68e-10	WP_002294571.1	1	67
LR961978.1	303011	303211	67	2	44.776	8.68e-10	WP_002294571.1	1	67
NZ_OD940420.1	251832	252032	67	3	44.776	8.68e-10	WP_002294571.1	1	67
LR962115.1	248697	248897	67	3	44.776	8.68e-10	WP_002294571.1	1	67
LR962093.1	261840	262040	67	3	44.776	8.68e-10	WP_002294571.1	1	67
LR962569.1	261176	261376	67	2	44.776	8.68e-10	WP_002294571.1	1	67
LR962072.1	246433	246633	67	1	44.776	8.68e-10	WP_002294571.1	1	67
LR962410.1	287532	287732	67	3	44.776	8.68e-10	WP_002294571.1	1	67
LR962178.1	248327	248527	67	2	44.776	8.68e-10	WP_002294571.1	1	67
LR962600.1	457837	458037	67	1	44.776	8.68e-10	WP_002294571.1	1	67
NC_018221.1	254007	254207	67	3	44.776	8.68e-10	WP_002294571.1	1	67
NC_017312.1	706660	706860	67	1	44.776	8.68e-10	WP_002294571.1	1	67
LR962421.1	267156	267356	67	3	44.776	8.68e-10	WP_002294571.1	1	67
NZ_CP065784.1	248699	248899	67	2	44.776	8.68e-10	WP_002294571.1	1	67
LR962141.1	260223	260423	67	3	44.776	8.68e-10	WP_002294571.1	1	67
LR962112.1	245544	245744	67	3	44.776	8.68e-10	WP_002294571.1	1	67
LR961942.1	271850	272050	67	2	44.776	8.68e-10	WP_002294571.1	1	67
NZ_CP091904.1	262878	263078	67	3	44.776	8.68e-10	WP_002294571.1	1	67
LR962777.1	260374	260574	67	1	44.776	8.68e-10	WP_002294571.1	1	67
NZ_CP070621.1	954526	954726	67	1	44.776	8.68e-10	WP_002294571.1	1	67
NZ_CP070620.1	954526	954726	67	1	44.776	8.68e-10	WP_002294571.1	1	67
LR962792.1	262492	262692	67	1	44.776	8.68e-10	WP_002294571.1	1	67
LR962386.1	256705	256905	67	1	44.776	8.68e-10	WP_002294571.1	1	67
LR962068.1	281574	281774	67	3	44.776	8.68e-10	WP_002294571.1	1	67
LR962123.1	246261	246461	67	3	44.776	8.68e-10	WP_002294571.1	1	67
LR962656.1	260486	260686	67	2	44.776	8.68e-10	WP_002294571.1	1	67
LR962138.1	285016	285216	67	1	44.776	8.68e-10	WP_002294571.1	1	67
CP092576.1	318111	318311	67	3	44.776	8.68e-10	WP_002294571.1	1	67
LR962400.1	294334	294534	67	1	44.776	8.68e-10	WP_002294571.1	1	67
LR962049.1	262509	262709	67	3	44.776	8.68e-10	WP_002294571.1	1	67
LR962125.1	2933871	2933671	67	-2	44.776	8.68e-10	WP_002294571.1	1	67
LR962277.1	264956	265156	67	2	44.776	8.68e-10	WP_002294571.1	1	67
LR962046.1	291771	291971	67	3	44.776	8.68e-10	WP_002294571.1	1	67
LR962423.1	262508	262708	67	2	44.776	8.68e-10	WP_002294571.1	1	67
NZ_CP065317.1	2054382	2054582	67	3	44.776	8.68e-10	WP_002294571.1	1	67
NZ_CP022712.1	2384932	2385132	67	1	44.776	8.68e-10	WP_002294571.1	1	67
NZ_CP015410.2	954526	954726	67	1	44.776	8.68e-10	WP_002294571.1	1	67
LR962507.1	256337	256537	67	2	44.776	8.68e-10	WP_002294571.1	1	67
CP076498.1	129665	129465	67	-1	44.776	8.68e-10	WP_002294571.1	1	67
CP076493.1	2550147	2549947	67	-3	44.776	8.68e-10	WP_002294571.1	1	67
CP076488.1	3000113	2999913	67	-1	44.776	8.68e-10	WP_002294571.1	1	67
LR962862.1	251557	251757	67	1	44.776	8.68e-10	WP_002294571.1	1	67
LR962356.1	256692	256892	67	3	44.776	8.68e-10	WP_002294571.1	1	67
NZ_CP060804.1	1546774	1546574	67	-3	44.776	8.68e-10	WP_002294571.1	1	67
LR962086.1	275907	276107	67	3	44.776	8.68e-10	WP_002294571.1	1	67
LR962129.1	264962	265162	67	2	44.776	8.68e-10	WP_002294571.1	1	67
LR962267.1	266290	266490	67	1	44.776	8.68e-10	WP_002294571.1	1	67
NZ_CP091899.1	266286	266486	67	3	44.776	8.68e-10	WP_002294571.1	1	67
LR961997.1	264962	265162	67	2	44.776	8.68e-10	WP_002294571.1	1	67
LR962306.1	305936	306136	67	2	44.776	8.68e-10	WP_002294571.1	1	67
LR962075.1	245532	245732	67	3	44.776	8.68e-10	WP_002294571.1	1	67
LR962152.1	256337	256537	67	2	44.776	8.68e-10	WP_002294571.1	1	67
LR962132.1	264759	264959	67	3	44.776	8.68e-10	WP_002294571.1	1	67
NZ_CP031027.1	266018	266218	67	2	44.776	8.68e-10	WP_002294571.1	1	67
CP045918.1	1018992	1018792	67	-2	44.776	8.68e-10	WP_002294571.1	1	67
LR962476.1	257931	258131	67	3	44.776	8.68e-10	WP_002294571.1	1	67
LR962169.1	281575	281775	67	1	44.776	8.68e-10	WP_002294571.1	1	67
LR962157.1	255777	255977	67	3	44.776	8.68e-10	WP_002294571.1	1	67
LR962013.1	304757	304957	67	2	44.776	8.68e-10	WP_002294571.1	1	67
LR962284.1	285305	285505	67	2	44.776	8.68e-10	WP_002294571.1	1	67
LR962367.1	256704	256904	67	3	44.776	8.68e-10	WP_002294571.1	1	67
LR962714.1	276499	276699	67	1	44.776	8.68e-10	WP_002294571.1	1	67
LR962658.1	264667	264867	67	1	44.776	8.68e-10	WP_002294571.1	1	67
LR962302.1	266378	266578	67	2	44.776	8.68e-10	WP_002294571.1	1	67
CP092574.1	318015	318215	67	3	44.776	8.68e-10	WP_002294571.1	1	67
NZ_LR607378.1	1988206	1988006	67	-1	44.776	8.68e-10	WP_002294571.1	1	67
LR962372.1	281573	281773	67	2	44.776	8.68e-10	WP_002294571.1	1	67
LR962271.1	306497	306697	67	2	44.776	8.68e-10	WP_002294571.1	1	67
LR962039.1	264595	264795	67	1	44.776	8.68e-10	WP_002294571.1	1	67
NZ_CP091901.1	283698	283898	67	3	44.776	8.68e-10	WP_002294571.1	1	67
LR962098.1	3014562	3014362	67	-2	44.776	8.68e-10	WP_002294571.1	1	67
LR962004.1	306240	306440	67	3	44.776	8.68e-10	WP_002294571.1	1	67
LR961981.1	267905	268105	67	2	44.776	8.68e-10	WP_002294571.1	1	67
NZ_CP019512.1	264921	265121	67	3	44.776	8.68e-10	WP_002294571.1	1	67
LR962158.1	257901	258101	67	3	44.776	8.68e-10	WP_002294571.1	1	67
LR962821.1	256692	256892	67	3	44.776	8.68e-10	WP_002294571.1	1	67
LR962078.1	3025030	3024830	67	-2	44.776	8.68e-10	WP_002294571.1	1	67
LR962702.1	249660	249860	67	3	44.776	8.68e-10	WP_002294571.1	1	67
LR962146.1	257926	258126	67	1	44.776	8.68e-10	WP_002294571.1	1	67
NZ_CP029612.1	290241	290441	67	3	44.776	8.68e-10	WP_002294571.1	1	67
LR962807.1	256511	256711	67	2	44.776	8.68e-10	WP_002294571.1	1	67
LR962526.1	266286	266486	67	3	44.776	8.68e-10	WP_002294571.1	1	67
LR962103.1	2621657	2621457	67	-1	44.776	8.68e-10	WP_002294571.1	1	67
LR962119.1	268499	268699	67	2	44.776	8.68e-10	WP_002294571.1	1	67
LR962030.1	264643	264843	67	1	44.776	8.68e-10	WP_002294571.1	1	67
LR962639.1	251666	251866	67	2	44.776	8.68e-10	WP_002294571.1	1	67
NZ_CP041738.1	251722	251922	67	1	44.776	8.68e-10	WP_002294571.1	1	67
LR962234.1	300988	301188	67	1	44.776	8.68e-10	WP_002294571.1	1	67
LR962053.1	289854	290054	67	3	44.776	8.68e-10	WP_002294571.1	1	67
LR962056.1	266283	266483	67	3	44.776	8.68e-10	WP_002294571.1	1	67
LR962559.1	252015	252215	67	3	44.776	8.68e-10	WP_002294571.1	1	67
NZ_CP091889.1	296323	296523	67	1	44.776	8.68e-10	WP_002294571.1	1	67
LR962464.1	251991	252191	67	3	44.776	8.68e-10	WP_002294571.1	1	67
LR962203.1	339065	339265	67	2	44.776	8.68e-10	WP_002294571.1	1	67
LR962248.1	318167	318367	67	2	44.776	8.68e-10	WP_002294571.1	1	67
LR962432.1	255978	256178	67	3	44.776	8.68e-10	WP_002294571.1	1	67
LR962025.1	251665	251865	67	1	44.776	8.68e-10	WP_002294571.1	1	67
LR962671.1	264692	264892	67	2	44.776	8.68e-10	WP_002294571.1	1	67
LR962227.1	306020	306220	67	2	44.776	8.68e-10	WP_002294571.1	1	67
LR962418.1	266284	266484	67	1	44.776	8.68e-10	WP_002294571.1	1	67
NZ_CP039549.1	285783	285983	67	3	44.776	8.68e-10	WP_002294571.1	1	67
LR961935.1	252995	253195	67	2	44.776	8.68e-10	WP_002294571.1	1	67
LR962788.1	265939	266139	67	1	44.776	8.68e-10	WP_002294571.1	1	67
LR962584.1	3117251	3117051	67	-2	44.776	8.68e-10	WP_002294571.1	1	67
NC_004668.1	285786	285986	67	3	44.776	8.68e-10	WP_002294571.1	1	67
NZ_CP039548.1	285783	285983	67	3	44.776	8.68e-10	WP_002294571.1	1	67
LR962502.1	264963	265163	67	3	44.776	8.68e-10	WP_002294571.1	1	67
LR962378.1	270226	270426	67	1	44.776	8.68e-10	WP_002294571.1	1	67
NZ_CP039296.1	285783	285983	67	3	44.776	8.68e-10	WP_002294571.1	1	67
LR961999.1	262509	262709	67	3	44.776	8.68e-10	WP_002294571.1	1	67
LR962576.1	279635	279835	67	2	44.776	8.68e-10	WP_002294571.1	1	67
LR962239.1	334030	334230	67	1	44.776	8.68e-10	WP_002294571.1	1	67
LR962174.1	306072	306272	67	3	44.776	8.68e-10	WP_002294571.1	1	67
NZ_CP075604.2	267593	267793	67	2	44.776	8.68e-10	WP_002294571.1	1	67
NZ_CP091198.1	1574783	1574983	67	2	44.776	8.68e-10	WP_002294571.1	1	67
NZ_LR607356.1	390066	390266	67	3	44.776	8.68e-10	WP_002294571.1	1	67
NZ_LR607334.1	392237	392437	67	2	44.776	8.68e-10	WP_002294571.1	1	67
NZ_LR607359.1	389694	389894	67	3	44.776	8.68e-10	WP_002294571.1	1	67
NZ_LR607346.1	390701	390901	67	2	44.776	8.68e-10	WP_002294571.1	1	67
